185,778	2869,1
311,496	1721,1	1825,2	2250,1	2259,1	2316,3	2326,6	2336,1	2348,1	2351,1	2365,3	2369,2	2382,3	2388,1	2396,1	2400,2	2403,1
448,826	1503,1
150,196	1500,1
95,118	1519,6
222,223	2414,2
119,762	2527,1
50,771	2150,2	2527,1
196,223	2223,2	2783,1
494,765	2191,2	2197,1	2280,1
116,762	2730,1
66,102	2226,6	2374,1
120,765	3175,2	3180,1	3184,2	3201,3	3205,2	3212,3	3218,1
39,120	1578,2	1581,2	1584,2	1601,5	1610,1	1613,5
113,513	2102,1	2109,1	2133,1	2206,1
63,154	2797,1
79,253	1816,1
105,113	2050,1	2080,1	2084,1	2101,1	2104,1	2124,1	2176,1	2185,3	2234,1
240,275	2236,1
765,826	1503,1
17,209	2217,1
116,123	1781,1
222,496	2258,1	2266,1
66,179	2379,1
79,311	2402,1
150,271	1716,2
205,496	2229,1	2246,2	2249,7	2257,11	2271,1	2402,1
102,601	2396,1
15,29	2163,2
119,335	2129,1
29,56	2022,5	2028,1
79,275	1729,1
21,205	1503,1	1523,1
66,209	2218,1	2224,1	2226,2	2231,1
102,179	2228,4
48,80	2406,1
778,804	2409,1
285,481	2970,1	3029,2
29,95	1789,1	2163,2	2480,1
271,448	1737,1
63,271	2253,1
80,311	2249,1	2323,2
50,335	1983,1
95,194	2178,1	2182,3	3122,9	3135,4
120,172	1737,1	1746,1	1813,2	1917,2	2081,1
492,938	1441,1
205,223	2945,1	2967,1	2973,1
205,267	2373,1	2375,1	2383,3
267,272	1443,1
21,431	1725,1
48,804	2384,1
79,181	1489,1
80,253	1514,1
79,95	2478,1	2490,1
335,511	2546,1
17,771	2530,1
184,268	2869,4	2877,1	2880,2	2886,2	2891,1	2893,1	2922,1	2928,1	2981,1	3002,1	3141,3	3145,1	3149,1	3156,2
48,179	2386,2	2390,3
39,253	1514,1
134,496	2241,1
118,771	1522,2
48,134	2231,1
150,601	1734,1	1847,1
17,179	2217,1	2227,1	2387,2
39,804	3210,1
80,765	2226,2	2231,1	2233,4	2254,3	2263,1	2265,3	2269,8	2329,1
223,311	2511,2	2677,1
778,826	1997,2
119,275	2120,1	2506,1	2755,2	2797,2
205,311	1702,1	1713,1	2249,1	2254,1	2258,1	2260,1
80,222	2209,1	2221,1	2238,6	2252,3	2256,2	2263,1	2268,1	2295,1	2317,1	2373,2	2382,1
39,205	2224,1	2503,5	3159,3
95,496	2955,1
15,95	1678,1	2159,1	2163,3	2171,4	2179,2	2184,1	2931,1	2986,1	3183,1
184,826	3154,1
113,194	2347,1	2351,1	2353,1
95,123	1709,1	3181,9
79,102	2412,1
223,253	3174,1
762,875	2849,1	2853,1	2868,1
66,196	2223,1
29,271	1739,1
123,253	1790,1	1794,1	1799,1	1841,1	1988,1	2021,1	2028,1	2102,2	2116,2	2119,1	2219,1	2222,1	2242,2	2272,1	2282,1	2318,2	2538,1	2567,1	2570,2	2588,1	2598,3	2694,2	2759,2	2850,4	2969,3	2973,1	2975,3	2985,1	3064,1	3067,1	3169,2	3183,1	3200,2	3203,5
134,762	2707,1
105,513	2144,1
80,95	1519,1
122,448	1592,4
150,762	1871,5
123,845	1518,12	1532,1
17,66	2219,9
164,311	1528,1
172,196	3235,1
119,875	2455,1
172,311	2075,1	2080,2	2109,2	2113,9	2123,1
48,209	2204,3	2219,1	2228,4
271,601	1667,1	1702,1	1729,1	1732,1	1738,1	1741,13	1757,3	1765,1	1778,2	1781,2	2246,1	2249,1	2397,4	2404,1	2406,1	2408,1	2411,2	2416,1	2418,1	2421,3
762,771	1925,1
80,762	2788,1
95,205	1701,1
311,786	1687,2	1691,3	1698,1
17,762	2707,1	2722,2
95,771	1522,3
66,804	2393,1
63,481	1915,1	1924,5	1930,2	1934,3	1939,2	1943,1	2136,1	2251,1	2503,1	2843,2	2848,1	2864,2	2869,2
105,275	2305,1
134,285	2242,2	2654,1
804,826	2408,2
223,819	2224,1	2228,1
179,209	2216,2
222,267	1729,5	2404,1	2406,2	2411,1	2414,4	2434,4	2449,2	2455,1	2457,2	2476,2	2480,1	2482,2	2598,1	2649,1	2658,1	2660,2	2680,1	2692,1	2704,4	2991,8	3001,1	3007,2	3014,11	3133,5
153,205	1526,1
95,311	1519,6	1701,1	1703,2
21,48	2229,1	2393,1	2465,1	2487,1	2490,1	2499,1
39,267	2494,1
21,179	1532,1
56,194	1683,2
120,819	1618,1
150,154	2183,4	2188,1	2191,4	2197,2
118,311	1519,6
196,819	2225,4
194,786	1686,1	1689,3	1693,2	1698,2	2174,1
511,804	2384,2	2388,2	2391,8
240,285	2241,3
448,499	2539,1
223,496	2016,1	2056,1
184,804	2424,4	2879,1	2888,2
50,179	1729,1
150,285	3048,2
285,762	1830,2	1836,3	1843,1	1865,1
184,778	2721,3	2726,3	2731,4	2737,17	2756,1	2763,4	2768,14	2865,1	2868,2	2872,1	2874,1
116,826	1892,1
21,150	1501,1	1503,1	1595,1	1615,1
48,66	2225,4	2232,1	2402,1	2409,1	2445,2	2449,2	2461,1	2464,3	2481,1	2483,3	2487,13	2520,1
431,778	1665,1	1670,1	1674,1	1678,1
285,875	2414,6	2422,3	2429,1	2431,1	2438,1	2446,1
17,21	2393,1	2520,1
95,181	2482,1
50,875	2546,1	2866,1
116,778	2028,1
223,267	2414,5
39,113	2266,2	2278,1
765,786	2524,2	2537,2	2579,1	2590,3	2594,1	2598,4	2604,1	2606,1	2611,3	2645,1	2649,1	2657,1	2666,3	2700,1	2714,1	2720,3	2726,2	2744,6	2758,3	2762,5	2771,1	2774,1	2805,3	2809,1	2815,3	2819,1	2823,3	2827,1	2830,2	2834,2
63,105	2858,2
29,222	2676,2
267,311	2369,3	2373,16	2397,1	2400,2
80,118	1520,1
311,481	1536,1
181,826	1465,1
56,939	1983,1
15,496	2955,3	2985,1
134,240	2239,2	2243,1	2486,1
15,123	3183,1
29,79	1872,1
179,222	2384,2
240,938	3009,1
102,271	2396,1
275,804	2394,1	3253,1
184,185	2869,2
311,771	1522,1
120,311	2076,1	2083,1
209,285	2412,1
21,209	2453,1	2457,1
102,240	2434,2
120,223	1740,1
113,242	2346,1	2350,3
17,102	2224,1	2229,3	2876,1	2884,2
21,66	2228,1	2230,2	2375,1	2396,1	2399,2	2450,1	2461,1	2465,1	2478,1	2481,4	2487,4	2510,1	2512,1	2520,1
194,311	1686,1	1690,1	3038,3	3053,1	3057,5	3130,2
268,845	2706,1
95,253	3183,1
123,164	2374,1
79,804	2367,1	2378,2
134,209	2231,1
184,267	2419,1
267,496	2380,5	2392,3	2400,2
116,481	2803,1	2814,1
95,786	2498,1
21,603	1702,1
275,762	2788,1
113,223	2920,1
120,494	2550,5	2556,12	2570,5	2582,12	2598,18	2645,1	2653,2	2690,1	2695,1	2733,1	2735,3	2743,1	2745,1	2752,1	2755,2	2760,2	2778,5	2784,2	2787,4	2792,2	2796,1	2803,1	2809,2	2813,2	2819,5	2992,3	3002,1	3036,6	3045,1	3068,1	3224,1
50,102	2502,1
184,845	3140,1	3142,2	3145,4	3152,1
95,819	2028,1
80,494	2273,4
17,48	2214,1	2217,1	2393,1
275,875	2419,1
79,122	1561,1
